2.594915674,1.875003686,2.131058424,1.809596774,2.307579607,1.912070703,1.605351709
1.875003686,2.463124845,1.395151669,1.512587788,1.505213129,2.026411525,1.853259964
2.131058424,1.395151669,2.396207277,1.594665684,2.383578254,1.568577399,1.503939515
1.809596774,1.512587788,1.594665684,1.644691067,1.662841114,1.34561696,1.769625993
2.307579607,1.505213129,2.383578254,1.662841114,2.640950209,1.478124515,1.643048451
1.912070703,2.026411525,1.568577399,1.34561696,1.478124515,2.280721327,1.546811553
1.605351709,1.853259964,1.503939515,1.769625993,1.643048451,1.546811553,2.549930897
